SOLN       COLUMN
 #      1 2 3 4 5 6 7 8

 1    3 1 7 5 8 2 4 6
 2    4 1 5 8 2 7 3 6
 3    4 1 5 8 6 3 7 2
 4    5 1 4 6 8 2 7 3
 5    5 1 8 4 2 7 3 6
 6    5 1 8 6 3 7 2 4
 7    6 1 5 2 8 3 7 4
 8    7 1 3 8 6 4 2 5

SOLN       COLUMN
 #      1 2 3 4 5 6 7 8

 9    1 7 5 8 2 4 6 3
10    2 5 7 1 3 8 6 4
11    2 5 7 4 1 8 6 3
12    2 7 5 8 1 4 6 3
13    4 2 7 5 1 8 6 3
14    4 7 1 8 5 2 6 3
15    4 8 1 5 7 2 6 3
16    5 2 4 7 3 8 6 1
17    5 3 1 7 2 8 6 4
18    5 3 8 4 7 1 6 2
19    5 7 1 4 2 8 6 3
20    5 7 4 1 3 8 6 2
21    5 8 4 1 7 2 6 3
22    7 3 8 2 5 1 6 4

SOLN       COLUMN
 #      1 2 3 4 5 6 7 8

23    4 2 5 8 6 1 3 7
24    4 2 8 6 1 3 5 7
25    4 6 1 5 2 8 3 7
26    5 2 4 6 8 3 1 7
27    5 3 1 6 8 2 4 7
28    5 8 4 1 3 6 2 7
29    6 3 1 8 5 2 4 7
30    6 3 5 8 1 4 2 7

SOLN       COLUMN
 #      1 2 3 4 5 6 7 8

31    4 7 5 2 6 1 3 8
32    5 7 2 6 3 1 4 8
33    6 3 5 7 1 4 2 8
34    6 4 7 1 3 5 2 8
