37
a
19
35.891500401953046 22.749164994923035 10.849937905522372
11.09976195139112 8.858382152291828 27.164628482786462
60.662934653884726 2.6962156195348825 36.48744045145354
11.184410224898507 16.315467356734274 1.7826868534912792
47.46267963815143 21.22773252525668 32.33977973031712
7.9291706387953775 0.30407790844480465 52.6729191213653
43.579324022322375 0.9040491963542079 27.276381056496547
5.523826670681836 6.538854766517741 22.339869646879976
3.2853281518994835 3.262715588896905 72.84894492515956
7.247343846893819 19.14518064584542 10.024011109101753
12.24988335500003 68.72491315212459 16.02373497926239
22.281048841061505 17.756344812892728 47.83064984389777
31.731861878137547 10.079326235851017 22.462504517715164
20.651373939738235 12.093235521615942 5.594383038796272
9.549034007338992 56.95659825041756 3.2272331192231247
24.381720941961465 21.219208752948692 19.92804623463372
39.639988648690846 70.49793209894003 20.139859568045086
0.45237365548954467 40.25611579378234 33.2625173585667
6.444131628997285 59.019418362707974 3.0075511408857794
58
10.827974348724894 10.747220234075654 30.29071214245827 14.308287794872108 31.969639315656927 5.137673384500464 23.94560860979506 44.737588776505945 24.720570056452754 1.949214457449883 53.84126254881919 52.665037962087474 38.13398991635133 31.413573949473676 32.975488544740855 15.651082988062655 34.65227600964119 5.176880629321669 23.201854995798357 0.11598305783175578 14.483566750407299 17.959247106356774 58.78387493797864 17.01701994545492 8.547736314947864 55.67566853411828 63.869818777010295 3.4616312780241962 21.417251833091974 12.374355057903447 53.138490575425195 55.533281280638874 19.997585340202146 30.025390559316968 26.574619744809503 18.30523609545859 42.46811106933418 10.486562689683602 34.784222332189245 28.34494424770994 28.524984905763624 2.6923684439190083 81.24869306556147 35.343332899079506 17.446527353813075 37.64263812603303 11.266064908443441 27.16621287785452 22.980786108136908 29.21818463895323 16.957155930017404 62.55265812356796 8.80022004774332 22.453041715314896 22.704305530756557 16.71158142077311 18.06640457476077 25.95594021663589
15
12.113803473602951 34.736798183880865 31.60606574259039
37.39348867967891 35.59019980158499 18.13224226357535
36.056269287364685 23.684386222480224 1.2296683409280182
34.80341851335021 3.89143683370993 13.89820526230431
45.80179005927509 37.87694528255102 7.122218395461698
44.35384151453889 35.38491570897119 43.02673669660161
62.26560575767981 84.35076188456209 7.280664327455862
38.36418857910314 15.377828114857024 10.054372862421836
26.7018917293624 46.194777906813954 13.411328743811184
60.9688286632264 24.471000096925547 13.073754564067272
19.556586250496306 33.445715528167234 30.20820396760601
18.904810550400697 13.450554778471382 44.16139318709238
9.903673299322588 51.87684078139494 29.2804579832332
19.637502932306088 37.81989809476863 63.246781234527184
4.978422626100274 63.53978509811206 62.582475067319066
14
30.02760561896003 42.59926110909621 12.269735121448036 57.84106474858231 20.24970601725932 10.930361255165476 38.77198035760977 11.272067310044468 15.50256462812372 9.664494556242955 12.97833152267179 60.154847736470394 1.3909094047613757 0.6401868079255996
17
8.288847550213855 12.633096941499732 53.58669096301301
4.383646987929581 27.998017459358685 56.438414179736746
12.669533933535918 3.697302168482426 70.99320534311683
36.039990401370765 5.950465416823812 24.555738722323735
24.774863180104276 11.487104921960029 89.34972391818016
4.053634158822909 38.919328095675496 15.5507117967635
13.435288420444916 39.25918742766066 28.86764408631308
4.0772945815467745 0.7996457437563836 21.11895698396752
71.285505605226 64.16144896609696 12.472548637578582
7.873840523894499 38.6758974747246 16.52388145201457
52.43892680989792 87.92689667467332 1.0907418665703126
5.675128453422385 10.773731428537152 47.57174724234771
0.8279944742330367 10.89608791396913 49.66553520222219
36.485184222465996 3.1209349346637367 21.052019568594464
87.91943128721893 36.458190175144445 2.395460163737766
34.09079883329488 7.590833829417476 67.35580797445822
27.655297233920972 83.39248037994344 7.621589252305988
13
26.86549733832047 7.375364184167164 28.835162943968506 17.794962649094607 57.21277802675033 37.26583351648756 25.43803079879055 14.247078027573119 20.852463808905554 52.455478364331164 26.43177926503124 29.449506528459914 88.98324664360945
5
20.28059317568802 18.830315211195636 56.32861843883773
1.6865098950688993 19.781448828464974 0.6793478775071488
30.057033338709516 40.994432317281245 12.812832617022506
7.407814323243279 5.204399928114969 42.01087569767597
26.338975482439118 22.617105327601422 46.03106063380018
77
3.797644719539277 36.97333116166689 78.07606363664807 16.54290861514573 28.345962127996422 31.141825098919274 22.408530956263125 29.61776653974494 42.72088895480805 64.34640118445846 2.2649295527755884 6.896791651611308 51.58810496027441 31.562026816030293 20.29951162965344 10.476550473494639 52.236392110633375 36.99444696146742 3.477359798031127 53.73850427400486 16.27889581582398 22.927922122112246 3.3557780218052553 9.011392099793877 56.85595472232881 85.84398011747076 27.278922359631913 40.9688563121479 76.33331870186575 90.55648880570264 19.676929819412834 14.809039118139893 7.994365717304882 15.178999556319644 55.395884502087036 4.080989550295548 6.195106942231354 56.85625359042677 41.078737433690485 19.776753476036173 8.085767424266754 31.650809857987703 48.457417171816125 16.397338482691463 1.3871274930915196 23.28679025937959 46.791710553454045 15.786399638467746 17.11747746888609 9.508200052488341 7.147497659282946 26.831397509962695 9.81365100106685 14.59749601145073 7.670951458497713 22.12620581475478 14.414008949687114 8.219521064056927 9.194637154685068 17.893083988351776 22.043814806992607 59.45829870639858 2.346344404940476 5.965155259647235 3.4816364411933165 31.494754474610975 13.773346558117726 12.805407388151886 41.54543777739917 15.180909444150197 21.538446534560673 27.83146665889002 12.051421232966288 32.63560871064061 21.659869583209666 7.550532262748345 58.26395186647211
3
16.82956561426414 23.682280607292558 48.69180713273734
94.52975232094043 30.410362205129317 17.00247129550394
15.374898212266558 1.2065343031759455 11.461730802335454
45
10.741548911579613 15.676114004123008 13.833991543604757 43.62981017247902 39.5459203441248 40.209534997868765 19.41002711057616 54.34868318620237 54.78883666086759 3.0240438949054034 47.040219435847725 18.08813757708187 14.42830266244881 21.403537601088605 20.41922448818937 26.41863452892599 80.94619989601583 29.95121806217867 80.3841425804601 4.898538092754428 0.9983997915973082 15.500608665186778 17.070376862147715 18.833290528442145 4.984552000266548 26.252130968111963 0.9532443409031268 0.8628541834473857 18.311784704277777 0.20083737872891527 2.090656294951827 23.64967229009575 29.862806613417654 32.74468880736321 13.447418266371024 20.84765697845179 37.11125478886861 2.90408501072997 27.099524424009985 0.2611745399887935 13.295831297252038 37.082725275596346 23.05502840298618 60.22244607578835 13.27143656059665
5
44.436275968782255 7.896117951876486 32.20634164972525
66.3475820299428 4.848550635411559 9.733738902862164
2.8094574328981743 4.036590248088841 60.55777789078567
2.472528925959111 82.14050185307006 11.109477061268977
8.449590355784725 9.702549263394609 22.835411084411625
65
2.2863765951338846 28.74772212837101 3.5682713153684102 20.590235912656166 1.1225453677136012 7.8228093340906195 52.02524336827433 7.219827050247795 12.147685943263452 20.960831614925 39.4496932493389 67.3351114194596 52.731051454527076 58.56085711542614 22.822281570037756 23.72437077521934 16.765858720192746 36.455418913669426 13.505815729675016 43.21624468972667 78.58355434029627 70.13882343405255 17.765883951452313 70.59767089339931 57.210656347034885 10.625862828708847 9.938470532660864 6.962836281723905 49.95735216441499 52.65514835345129 45.24856267929598 73.346476177916 15.897631063117586 23.146080448794073 52.71851462872887 58.019114463676175 26.489607264779547 23.244930083866496 13.028372414794056 5.213183468568764 6.319433733047041 88.01035917693949 85.25065742188248 8.587538318616911 68.60068435020598 3.308941192643443 4.51186249885252 5.704401674358834 10.898509841779136 3.7073834404369412 13.57937753647882 70.20717179335249 15.87284566421058 0.7854248881858428 28.525340859299032 0.21955719616083424 24.385326046947924 7.908201808327477 16.117988979547068 32.47635209622335 78.98109813304816 12.467248230585746 12.375596907556144 65.32091449926656 33.253695511774566
19
64.28673805577209 12.835807138177913 4.410213121961483
4.985948579828082 28.160730658988875 40.44398802497365
4.472192296774551 25.995597065380895 9.878317416271123
3.2464579343794266 8.288754600311725 23.405221752429917
24.386858263004562 78.36455303309756 28.082619062552457
22.879483834497307 0.6588807400592778 33.21608185436177
18.282936657641727 54.63241190172792 41.23491763830942
1.580758503284784 1.6062086763686763 11.879152011879938
58.070327639633994 4.514568828238474 85.22410981496563
5.7875880107212145 20.88204282417393 47.747217769977475
45.71634549961614 23.860918215979112 14.423835778541717
53.7766554241486 61.38692931801697 40.78902453712157
9.872517424810829 37.72498278153101 15.281045030273715
7.563905660348047 26.38288381906081 56.53359280608841
26.338928801916577 4.340363535031389 6.436752347305014
36.07208329187177 5.788099661335962 0.4189441406797467
10.994283406687572 32.70013578455301 7.618721848322661
72.40532382148913 12.720334430147856 5.398225543742825
14.090190538258081 21.745944799748685 22.872669720904256
30
19.822176024043355 23.88382006397559 4.7136674726799 7.59779657381725 34.19146885554349 35.917908086959265 14.178584398093449 26.175431280063854 34.00087810576383 27.36917011673803 30.951916038602977 30.263631419132732 22.360350192917572 76.11505706347211 27.12560687776347 17.400322373972365 76.44418820321621 15.224976453093735 26.171032522441195 36.12119982219665 38.426844406092215 0.4351778165351642 53.217632350961615 74.44980232359666 31.20690324150543 3.964432353555897 15.701124997796494 60.978594907719106 42.25360376321655 61.332474112828685
24
24.821728189497925 14.627987025115727 64.77562878777651
50.31649838325229 11.029390479627141 13.374804160655765
15.684538172919567 23.359358311900554 17.954566075536768
0.9803424192139527 38.63353944068631 34.53912713507386
1.3131896563685734 23.17418463125568 36.37449787936171
16.521156351711667 35.84204270922181 19.713724467403473
9.65043610152277 17.732869537387714 2.737241062605924
20.67789864587227 73.95268840961795 6.60893721671468
21.784195279215883 16.229362204597432 34.07412420304488
0.8120924299382055 36.373417581607 1.2960800593974806
21.839135929387243 18.909586818230718 52.58319305343593
20.367103899399584 14.074051940928694 5.624669743592398
7.126002267203995 12.620830851116537 21.773927759582257
5.3338362683520515 26.24570106195074 10.491774649115055
0.9955942352042013 11.622542151578461 55.29750767344627
8.483998538038017 5.285405984584358 35.80524238780856
39.305158741077975 26.87086135027979 22.063196330049855
7.347655253889412 0.42951328118819543 7.937308288977608
81.65543068529136 21.18499884859216 70.06808218590567
40.73865058365395 53.98585283049882 7.456024645530871
0.5595199099853345 43.078367366952925 68.1789163309807
32.13350869718896 31.45272404633972 2.484907057630773
10.44997482392138 2.9608321602627607 5.506423081648094
8.53982775858635 14.530462906095558 34.41063531138642
60
0.24694404457432317 52.255664312922725 35.06273412536087 30.212731218687978 29.804704849242153 14.511656890009583 4.966595792869437 27.34622890160377 22.657971172106382 68.52196617455054 5.449306389931269 19.661366915647235 11.07785368025929 37.333742169232785 6.883592760701806 72.41146881954458 17.282446940702222 3.277403919793418 44.600873943486214 4.324012179423187 25.54043660483872 37.13285974277754 12.502116373565512 46.21830182882144 29.693103146712826 56.380031692243186 7.091081211104637 61.49777203382539 8.114710022467111 78.1382511620637 28.683530524985905 10.580195045154671 33.62636008735818 6.884720273324302 15.434112403281514 22.25283341504233 34.08993832435867 52.338371725240734 37.267694135791146 51.77541316465997 15.940566388724408 13.813256141566383 18.69176131942205 12.182591266274013 14.504648498576433 14.461887468303603 50.344297867289505 0.08478255059805484 47.2109983931872 27.761968988493102 12.419165955434085 9.957989764193488 20.51844163550836 28.22589706093141 34.870819891734335 16.029554549126193 9.126608106762205 3.412846090306179 12.489480667653837 12.499732220701706
12
28.682574657020904 12.966829439451493 45.079014571272744
30.572711919941725 70.6123680125661 30.00411346184767
81.89309573781883 3.502987053933346 3.903210272587275
2.519819624827918 12.265626192376043 30.29665229332574
41.368101408357546 14.414472245160848 63.56908737552854
12.435127377723939 68.82482589693541 92.5004395322415
11.464387288500646 74.9872106768427 11.82757870327606
69.68872621039888 70.38642580057922 1.178453973276812
10.495591689063394 5.886600851160723 56.708843380540586
24.56920948693307 7.746856512458525 26.395546556506094
46.33180702678683 2.6288746743518674 26.48722287126716
55.88051462679427 4.426809246161076 9.810468204015315
12
36.87983798187171 68.32716190781363 8.81665513665114 16.88709073336471 13.239582839733313 27.384544640507556 7.423322957074513 1.168092789835131 8.825668672987291 58.10405679035015 5.700092145483183 14.825148537743736
3
10.571047891674446 2.052599309887009 8.143281464854313
88.74352774587875 6.119610256605581 4.2389702457175105
12.81927743557948 25.4100797101824 0.20517362610081846
94
6.097376100346035 33.561240579203755 18.062994103849967 28.5435311501331 32.316123345573025 37.258125411246795 60.572216514544195 6.540646609899439 38.428903027628785 10.50502391440787 30.1076449099952 42.788626613230285 0.6189328958322403 8.162273128014268 3.347283566666203 18.373443743892913 5.608358029918258 20.195652793617153 4.157476870436284 76.88009538042523 17.165005614154992 53.175093891050494 21.080328808958622 2.252151487173281 24.35130037125304 44.240127337498336 48.39273844273436 12.338190900700077 2.1416566047182943 20.15350061200789 36.595797883030514 20.728981010259268 21.48085946984663 54.28765549756316 21.232747655318995 58.464431252196206 3.1093300907886707 31.37397096509459 3.711234340296518 23.534743738468386 35.62329153727165 13.803012181881117 31.076502059477768 33.07186725162329 73.09836018718805 3.106307613184004 5.086808280236879 27.97838368602092 46.29678038018181 53.5886667576719 33.758963836421835 18.78509498284138 6.996700189583313 3.5863466035637117 16.189505925731005 12.44041492488157 34.848922365234316 73.75724676999376 8.316814454462621 33.609558586348534 5.468217731674522 78.32940050902931 33.14202044934463 3.630797558639729 4.8097878984603115 39.857465732503144 37.3903002949293 1.6253621008311958 18.44651451155879 13.910030455156768 26.38271219211499 19.449639917508385 3.516042659601645 9.16634457524529 61.87120109185716 46.79393485410595 31.342705883838825 26.8966281900712 1.4485197154811815 81.09048599298497 25.937651963567767 7.1312756272480575 51.02515958239227 7.55767319407585 44.38162906413195 17.243517291033275 24.633220281862346 83.24420653037943 51.768500545454 1.174419254981565 24.00426722193913 58.09420577379417 22.345876861760676 70.2956816557889
26
67.0636120194161 6.02620725303813 5.578587207289068
55.28174787223362 1.2306673876712977 63.90284503647667
34.103167172893855 91.1705953430412 1.0187669979538487
28.4565718246213 19.783863652791656 14.092927382444703
41.776308873967466 11.527321720038303 58.980454166885195
37.17328386161067 35.98799311727855 5.652125116741074
23.4136817302159 2.195105728807345 77.92457588023574
8.5263724525011 5.87557888289618 29.127222413944278
31.228835756478563 17.943525155922913 27.973737915922058
1.2797359864887006 32.04590216289314 1.1134391932263612
32.42982609650216 46.688406517110735 4.8113147207815175
4.109746064673704 9.376362400131997 62.588931699907654
13.794276413773671 9.459093144747474 34.322190598206134
11.210272880866809 87.30706793789201 9.520030819794028
3.0532567670617174 54.13586364223128 39.82085590113055
2.597733902815297 86.89380018191666 47.928535083810296
13.078946167849445 57.74045096997285 32.0322795885094
4.775314929548758 61.63163971462119 10.795562545898461
7.415235695407022 24.845646997214093 12.014400251475843
4.33507681605558 41.65474073611649 11.71531799773275
1.7116174889950697 34.83724678437485 12.058940767326249
18.18557502022982 30.463023662909393 16.34478626327001
27.663276965921796 7.160624036102135 2.318833939657892
40.26770629123658 14.455743269244916 4.8387484330863915
32.40954285267288 1.0418005332168023 27.77329179587827
2.5335830898338703 21.35697177909281 50.00115099662699
34
28.879363971506997 31.72994135848055 45.482626395221 33.40829870445513 72.04919457101128 33.103314497077456 1.922532165114219 37.11872791558367 14.214393072148336 1.3038850457868736 49.945704634308335 9.66719355524842 6.13957383011261 54.898760148363415 6.685502440689247 7.182666467762365 80.0418207797642 36.524256197298406 12.777969973204188 44.86749651718017 58.16018359118417 28.243405473856583 1.8158292788766563 0.989573822922825 25.31215293014745 51.41028665632972 24.467998554455153 16.259749745275634 14.139221546776545 44.642634036999155 17.362655840662907 18.962421749609014 52.71169374193347 5.976421370016756
25
6.450709530925573 27.438788675622103 34.62404507092312
7.5155254940142875 9.024241832009283 17.128928765434825
19.106175219017853 63.49967028896709 43.78091838893688
25.083973942231065 16.358738183724718 16.066397120568954
1.229430457540002 22.84072578402371 20.67510715699581
9.986100090960768 15.534722430546982 33.596701752299786
7.7607338760990405 36.08314903198198 36.1277629410413
15.743682334191956 14.384214283342907 15.579828709042532
3.8675783865523643 7.889250730925628 2.316853864348837
0.39933369818505837 20.887690240139293 18.558941142024885
8.884561940025836 15.310688182303862 2.8614190453644968
73.80487213867607 40.67451421125334 43.89225710899783
8.353857722676642 17.62223564509743 3.0429688932435672
9.38929199744578 36.62325495018131 6.434140674618148
17.58775859854455 31.076942803485352 7.526471349268734
58.985417259705905 34.70299606772348 3.0812543468173725
76.09244189273623 54.68086822445804 74.31990902179686
76.40319323028254 15.171263625883627 74.97431880839294
66.9094219467209 24.146549705252344 22.591485195051522
74.76557622697734 2.514830651084329 8.87534828691301
50.30078487382565 53.82760060897354 8.861503949148123
38.49630298219732 3.089732510717349 45.8266319582556
23.968146865712736 28.054656163803408 5.977881748395894
7.884541493623658 29.0968286489302 48.508483726268445
44.0080750250125 8.506237127350193 58.72175488848017
83
17.125589430885693 28.907204992275 13.897619147121546 40.211309999985716 10.717092337183312 33.53100200054032 17.214797563183655 8.217001046538003 1.6323956307206127 19.979462693055154 12.532537672761979 8.822824147128513 74.10245075895126 40.45584143624573 42.102410652202785 61.5832007069324 23.502556071939935 3.716739472114545 29.541636890860403 61.375069300367535 39.03734498046147 2.057777936240178 22.142761246614555 22.763302897622594 10.725260197581347 32.02980647330629 34.17693040240836 3.0104379455547 18.584154671829417 11.167758725126564 3.4997537608699725 21.528441559395112 17.050861662917967 58.218981095948585 2.378744202072605 4.409895260881538 23.533070008248288 18.97511916764698 11.830542408735482 28.109708874312023 8.578991252111653 29.334569640233788 9.676193261087269 37.239732505521616 77.26570577166171 6.375924651084183 8.288626074092408 50.364305494827136 80.29113351759322 0.21406204228629022 32.00865249764668 12.213407067044253 21.465138788603966 18.975293217751133 5.976268706668078 36.89248708642521 22.74673517595422 15.600255215464822 18.605711132000756 1.0790800482461371 2.471040652503016 30.17200730732637 75.03665227972975 6.709718175235716 54.48052549383699 71.40652683826546 23.28242735447492 55.2867245034716 9.372976369214031 14.643123883711846 23.173474337395255 24.352258615194962 49.467437168536485 48.41831205619959 15.365194465425933 23.636525449490154 72.9890128487419 9.13777694225192 74.52727811733396 5.665521756874732 48.66913746561162 22.391276687897196 11.111214045443011
23
16.226247682335952 5.638056978377575 7.899957411145667
14.617108250096152 23.750539997027836 29.73573991926191
13.113282309219162 27.122217642241914 18.927182867879917
49.00861836053442 51.17672765401691 10.368785152343573
8.710858136369826 31.230058161673323 16.697080840230132
85.78770251628757 16.08224268890192 31.356391974759628
63.16704067202974 2.478001270331683 9.299751124249118
18.188329712432875 11.529370879824986 11.04736959400038
9.579735272260537 33.19702560278446 46.3191975109758
38.75527360255159 64.2113991584545 23.50367698644229
15.297935066543243 35.9559976578704 38.92280657351967
53.81946089289122 10.99011809165509 19.56612443723318
6.956999307904754 18.30542219017129 85.65944013205053
17.769575795116744 5.1139304482890555 49.627862128383455
7.635936377289855 9.487742876487866 66.90843140288911
17.863587061741352 10.097322620934357 48.98911325585157
11.686762234173681 4.516462497769246 47.80242572085764
49.497100896586325 31.460277387301353 6.746786787925133
14.279235221374869 14.906277252457997 51.812598455618854
12.859838589383585 3.9080556298550464 11.781234803805551
2.3554832434728405 31.907156897904827 48.55556366630919
38.27122591504103 28.093870925910537 21.447037564292486
28.486978996999927 7.646408022807169 17.143413245547325
53
41.013749879494505 49.43576891488354 30.820796767175583 5.319790536074715 14.138235400254183 17.77969076635147 4.981077076778412 60.29765339065293 1.8694603731079047 51.24711861367647 74.06920945410897 19.726634971985078 19.913373473773916 69.48705530866789 74.90969679213639 29.843566200374276 1.1594083464699103 62.062356111622094 5.2991166122342745 78.94554936107363 11.386642837847575 6.7209674592449895 15.771358177723801 8.807853391023503 21.78548962111021 19.26886262642027 71.12420266987158 43.119111810431875 36.84856936873741 0.9638774968078527 26.703758368039228 1.954197208995804 35.27761295173068 86.95956728898938 56.54719841648092 4.154323280261821 31.019018348533432 33.32542781555311 6.494261571438849 0.7856487640776233 33.683999222681756 24.86366686870296 13.249796007558004 10.542287644885175 2.246097206592472 9.048056349119566 12.470229698468462 25.019509493078186 23.433658122430117 20.825936459689977 13.53933714421185 33.87622901683405 5.773130597679486
1
75.64257382978002 5.429878564016875 11.65521358538864
66
12.020107879111844 66.5135572699556 19.493207749146674 13.342996643478886 8.569866483935453 37.42701934194429 70.865100657119 24.502474065524456 35.97459112019736 1.7757398474978001 3.652721735459517 2.548743119835566 11.361664977578885 56.59758512919039 57.70514246490417 4.101243291007971 6.718376984377814 3.9284054307744336 11.61420029325986 2.140578816911622 34.90169343951359 85.69760984878062 2.039764795865696 15.018231451062386 6.348047490129108 7.261634677971314 25.843753988665693 0.4810848915882344 7.031437522579112 5.720282265695544 30.24861967582242 25.26029489454711 10.577177097777314 37.49677951862035 31.99289800546758 43.755680548590114 45.20037395049359 18.75617931177084 88.74097362029936 10.514999805997466 20.967195536038894 16.906951003035537 67.47300434194818 10.906646062665112 35.54860100273277 4.277584143533159 2.377171417879689 16.161853046289817 91.13588701084146 41.04309172115569 13.063002700335197 18.08836144429655 11.983122241868479 37.48903544322182 5.690335088401483 88.12077284481794 8.712350819600493 19.372950967123018 56.83696070470323 77.63712855802143 1.6633042857307756 1.5778217057878994 43.78125096733423 10.096991627352246 1.1469469278031663 3.7950025509882233
12
0.7292014321129592 58.19675566049949 7.721062941751595
1.5523733075650243 70.05200103672509 23.46448677516909
13.695475135335764 32.776273734862905 2.608708464885012
26.40277916134596 22.82247578736741 6.486391393668268
1.9630672213699611 51.893644842153854 22.264482065122657
3.2846080589510516 13.98939289092008 21.887436272349174
1.4885206266876003 15.7874975044997 7.571622386636279
0.21831267647928954 13.582466060810786 49.82144689891613
25.570571452082195 6.616990032550072 50.35830613587092
20.2191482512936 28.24005063677609 36.21890219628692
10.280763348006403 17.291429640741722 22.36540096190551
16.204707687561495 9.150501797321073 18.616042214760892
68
68.22666455732528 22.36782227630757 55.7119292554584 74.16078920562352 44.709988676421915 2.9792868323528103 17.9585502376877 49.16111454702042 12.077124446331887 4.793684070937305 49.617091429722585 28.887323161795397 16.754337921084172 31.2742175275905 4.734831233583586 26.68815581564521 13.32601160663408 52.00680531101695 20.206238891831823 58.24221451141154 1.0812481233562612 41.377351545898826 40.79132503858413 12.688130708814468 46.077356069022315 81.22887753383841 48.529673753134794 1.1918234993625734 40.25352603779775 9.096838994672318 57.52102128499524 39.704790522761215 6.559466040668362 10.328785785787115 47.973523557910525 27.988672794050533 61.73560096643263 24.088144213081787 3.103965879286016 28.170082113336996 33.890268752258976 8.735462744895367 5.316843485115078 39.05638600666407 9.130556318310257 17.970286843619206 38.060112511436444 18.776443838353572 9.645531125904446 9.864231336891597 7.251267671903925 0.2813861607014351 15.50059407100237 61.8547773177136 19.237379374827842 6.231855732825199 24.384753768190276 39.096324006057685 73.23932805828753 9.789342872627975 3.5658158278043284 3.121652089739274 43.333795355840714 6.935120288563411 39.484972430964156 32.79752734219284 21.16556097493623 37.015570491746466
15
12.21275500713887 48.29967905458266 7.868014211695019
44.136480964522924 7.099194672771494 5.253705981040815
6.632114704852707 26.799687894671784 3.42759410721143
1.5341249004198863 1.7571232709300175 34.31978447278921
7.115314535029482 12.468217802627922 25.02390343598616
27.601377228563997 11.972167893501068 18.861725785054574
45.41656529794944 17.46898909025482 51.88442552445735
6.453640026728069 6.6913388359375485 42.33558476065839
49.67182467175864 20.20252629468021 37.175678526181265
26.28662700430951 11.306254548303892 10.163887796245417
14.886814383391139 12.25819315415855 36.411873571758896
22.09450321748741 22.183848065282415 4.940491473100975
22.80215629493628 77.22699798993959 17.92743719018217
25.504556049454077 41.7714246351244 67.57974073215443
25.039949484976123 25.901746657908042 22.87411793479721
98
12.718130847699644 20.371424097186992 8.174601103347692 39.7664130731194 54.155357427118204 45.388214896724314 69.28362546137163 48.38802374776048 20.725709721794665 33.40754363676465 5.949355872464075 62.967684175722034 9.5388262191621 35.0953518078681 43.78921950609851 32.75797123378536 84.53932090367189 75.9057561999069 35.238702129375326 19.490484805835564 42.82666957483853 4.6845918562647935 33.22994138754942 18.918875387304922 42.51504541778232 79.47986682247783 46.89683290328592 46.0272809121582 32.963844706124135 8.578214422375792 3.1581182897332356 21.763934411465492 59.99093060360877 12.00158630559813 7.160239684122272 21.597066154774048 77.75255625977891 2.5646972353654713 77.83523338333512 24.30453398373566 4.94788344422501 17.093163127126697 17.65871296847812 15.27628361727122 6.924865447485907 1.9591035207439291 14.593239394384142 31.852366943865608 45.74763878419266 19.811073622145617 7.612986716797583 45.201326977406396 52.25962218403853 28.13564589951918 75.50950368333227 9.919667262522616 1.3167153956419813 63.901008883099074 4.87078667422411 82.36546512732731 13.69611250211505 28.22433008689737 31.946492316079716 10.087468902052454 3.5760485549548546 21.061694325993813 39.170918354124645 51.799506386980546 3.591993296127682 7.328451164225465 8.638144290727142 10.243874329053833 48.41687590341036 57.87619093133742 43.10769507561228 52.109855113796485 1.4731013673873237 23.699867201921528 9.612919876791247 7.312017900510531 49.749556323523 5.834365898546638 27.87711718862981 39.37674831644729 9.128597953763615 4.45549180963258 15.906465660748779 7.911648511027057 54.35869546712368 27.64451947109362 38.77194831700604 31.727933403798282 36.24046727746715 24.652246563951955 24.822381460842287 23.840440515298887 2.539873087442477 11.817201582091858
24
4.867201173327582 37.336381992927585 38.36678178112359
49.20856172272078 2.972012142164166 11.930056970851995
15.903035710363099 17.119716806129773 0.8400359881276067
37.533607789031905 82.86331742512435 4.925084499611469
31.224949190287706 57.101615536747005 18.04491781766898
85.38084889075522 8.588150273907823 42.34975922181489
18.476941007317016 82.5035049790239 67.70007384351129
79.68779156842953 45.92997828267377 36.7721280454507
7.468253705162091 5.157116472567883 21.966859122840905
85.73220684851994 14.964286066151866 6.145012840342853
29.6205336083213 10.080580993596204 43.43638622237658
19.65431645799004 35.395663306982186 25.664998041993996
61.46383404287375 16.190950364471753 13.505235488144054
43.54982329765884 8.887292620613849 0.7462936543089903
20.615729888867683 23.154658446250266 34.55828486726456
17.88948546192998 3.018827838914986 23.538065007717105
8.543147029789752 4.407408708562207 26.211371946371635
7.333053907537557 7.409711126453833 13.156420533175428
48.019605057532914 14.561387479926482 1.7730638730762465
7.950656929103092 59.86114783759506 32.599107163690434
8.144970749819361 74.75433362374545 68.16901764822306
33.44386311579482 64.3790826168321 83.00923356606636
11.232680497462852 13.79556562147228 20.708286019787412
40.47431566490392 11.82652994350065 34.74290842716032
82
83.85235246481126 45.5070809727501 66.85039073150001 25.442576452423953 7.567745742172557 67.3089004787275 8.916115669261902 37.23211112293139 54.90208319171835 11.85195253922608 4.3570897296275 24.752367654952746 28.76935916022786 68.33827070987851 11.836132502207667 13.177787216572337 16.859786468329194 31.25092339122687 18.928648324129963 43.49223922586097 39.62582151793597 59.86546986683606 25.738539818881122 10.898530447855588 31.3656237734316 10.38305456026676 51.94443426772512 45.80906975000833 0.4347010802363416 34.06261274363067 30.75174217374752 58.32831689937089 4.211328231126109 44.068338134531444 60.63878849114594 47.19356088510932 19.491734131778294 61.23438062838278 26.532583153962044 19.77621643095905 76.14662600585177 58.21280182020825 30.543091946259263 5.595519432201291 50.20656258848534 1.4768765193499722 5.326376857223151 27.56790222824751 68.88602557713196 16.219465625648123 43.367233783915744 9.247064447721515 12.60733084542289 43.56173483122101 8.625751486049962 3.2472012264881247 26.33071252867456 56.097226000215976 36.79698322434069 17.8488315115523 21.724975279834965 46.61770955319194 14.960354248055207 2.990751577233872 35.35763073600087 33.648239774510216 4.499124504825297 29.530887757630474 32.44046323412894 51.318679195728876 0.1855911590617021 59.91796860601276 9.630735508372144 62.01159879532198 38.581545110148696 2.6406083368613764 20.67300865717304 33.460338240462335 3.5384188409236774 35.16114870018586 71.66865424765024 39.11575765887034
14
23.22760180025451 23.2929910651672 56.27208647922609
12.48440913195233 3.6359785631991994 6.097419365629549
3.7208127896340786 9.3029008766843 16.648761739149254
4.049633666084068 36.405179586718 30.85897152971302
28.03383097667756 17.19300157839339 48.34128402572372
70.93418155057391 18.91207463647708 11.351647732467148
16.382734173066375 6.765380985531923 8.968102627394632
7.15019707765153 54.37883440333981 14.361518693493522
44.71997214787172 9.135110788351286 0.1875507352036594
2.0663206191519663 28.33149507806016 15.948727007699368
49.938237286308436 46.492706470403505 6.459561135581529
27.147434569965444 37.18930330700668 54.505331059509814
0.7890712155357771 73.42201432285862 6.7010859778345475
12.192982035522233 59.17369973339553 2.82594252070667E-4
19
22.482691010753403 5.072933911923192 29.179420061691403 73.03207562001349 3.4031799697124483 41.99061668840572 4.596610459234895 3.821792929409593 6.767169379509288 26.722587108922973 18.281859801893436 14.595242589828864 35.71551903005044 41.253830658671205 33.71099029278334 40.444372434151596 37.42236471053127 15.192831432369296 10.708617915177447
19
28.32978371841375 41.47944789865566 11.92610478440561
2.1565339142344757 40.9158827667674 26.15037411920806
23.087441235217927 27.595893317037763 58.29616998072696
36.91263321289955 40.19700939215016 17.785334710295842
25.512284545351996 15.828193549528464 60.37885310199425
70.05046106450804 7.981058169758988 33.62546761852328
17.560419159699173 47.68422151734706 10.531594586129412
63.914457426478464 49.3195259039186 4.154469501665008
58.38163288045852 25.965570637973933 20.565404405437782
87.14224150794435 34.7498374688304 28.35513265933461
9.837120282211359 13.13068928220413 10.778448022637363
1.7771450187891955 10.95513447325858 0.8525792440358818
12.36194646162165 38.70281115616986 63.31469568607195
4.052386073377566 30.06800693699826 23.146512204465356
4.341854467933828 36.499221315196046 49.392819786849394
67.03307997215632 18.503515753549074 47.96530713184867
9.579980932072068 15.981817876707716 0.6463170733218402
36.11491819126795 53.008382148067184 63.925383037183714
19.443357172159775 0.4017563743173683 1.9257845587130387
32
24.63490777580815 73.70350508318478 47.81432764224088 10.908193100922048 30.966731814553484 42.37746455883456 54.53809672018554 35.36135030133565 56.500809423775266 26.8802074328152 36.86501149573467 58.05616476077672 2.2030983679886385 67.91196474777682 50.69458845610244 16.109111323286204 5.720159181493191 4.377139481424961 37.925866410425954 16.77330742519484 9.485239117428755 22.258027108041595 40.07645266171013 85.35469508869687 23.271488962094537 53.26605269710446 24.480950172034294 14.384333782968412 23.946019718188065 7.175764628948908 82.69048293914719 55.76009150767552
12
6.3088231538211375 17.430761330031142 30.442507823875722
13.486602626491068 20.329674106735872 11.839205072225479
6.6359756050579115 12.452524952217855 17.07701760640697
16.44300066159069 13.623238944015581 34.481324725768985
26.348283165432726 21.39370698352714 40.395617786128454
15.077344189764325 63.28506328304095 34.594184452740485
23.90807317347537 18.138834069933733 54.96285267441258
71.17201766762021 16.24886254754168 66.60386579532822
2.8249955127304744 10.354188760376775 24.955017909286717
38.96283636713809 19.75191318217788 3.385871846633684
56.69574665762497 8.3053279221073 1.5328411665778474
11.089898481766474 45.74276391866461 15.099524643759677
98
13.090610696261844 20.263146566361538 12.539330441600786 49.98491225823486 19.718475110824738 34.95087133162904 22.47037850636606 12.778010916403021 29.643926174816084 51.95948172961358 14.294893251106902 64.42061653099668 66.75253968963234 7.716763240928229 52.28736665011258 15.04510057853428 28.33504008572016 36.918259796560704 0.1254267808583731 22.351806263001368 18.269408197258173 18.886149576869617 11.462518596907145 2.9069827615440333 42.6959078666921 9.113967040655155 36.61193731886621 66.71474972340077 52.000268769548526 36.846133836508244 23.52888549378635 52.70901555621714 37.29756626569557 26.448898413702356 90.48938602290944 39.869484614040516 65.07051198357556 47.5170712671365 14.809035368262675 23.15830589604304 40.00711492330418 28.14009118100915 30.066655689779484 8.506755637306567 44.77289001684965 12.223748037208136 27.447325253878965 11.125384355610958 52.73389898308362 45.893079474316906 65.26317233082821 22.954189319184188 29.289090577679605 67.53141509744151 40.200974974077816 5.371549995771976 45.8791089922382 39.285906682909356 6.085626925637451 57.79389630170784 14.23797041235345 8.682801943928897 21.31598455181366 13.235887867041143 64.95761398068188 3.0102561486679447 19.421173825228284 13.247179729727614 35.69099593337361 33.23513069423079 22.29241448920028 26.002873272762614 23.01235106687335 4.236613417506135 12.987897371707685 41.52909671316794 45.15318481038548 13.462509506615834 2.8902822668123895 14.250353162909114 6.100977316627283 17.913590949419284 29.021134686427633 46.59371236723293 5.84799362233661 11.490306364400373 31.938274381566778 70.2521351588731 54.55277774137815 11.745263755881037 32.15456477734877 2.253001497069998 29.29498053941446 14.036555952688277 35.148668193249925 35.91714648742203 59.03484385143953 6.94126202346056
6
68.56361527424652 31.23267588985466 15.973369816993884
2.045527183464846 63.25351393037976 36.3790126775555
40.18054071624459 24.2949790324769 36.239690068613974
5.592657477543146 77.70666036258194 0.19263712749588047
7.628942849552872 13.414709748727265 21.426503157206728
44.577738965893154 21.95513652525386 60.73480586214061
97
58.66930971096218 10.699810221104526 27.489320844935158 7.561393484388209 10.57112845324493 42.77641838227685 30.159152757501317 27.156282313656384 95.55133777963928 15.086187755005117 55.66076844741641 25.3251949739007 38.173322301347795 54.39038772547994 12.348424879753843 69.27071052208271 15.433774254401033 5.484747068017432 18.002508402655874 78.04378749748362 46.28412992076476 0.6237619952110753 25.62734350742851 41.33256295373401 16.155658532967834 17.47040223005281 12.69300179574694 16.28267292604996 34.112190467291406 26.546866634126694 3.7643527807093045 19.879460061258534 0.7812327315442325 22.6435775804842 58.286834191624166 26.019041119282093 73.06858319710932 33.84417600859848 24.642281331468173 48.73011608262782 9.429370179152327 1.1257326802921739 24.83864331030227 2.5426045123650884 14.086037157916701 1.723411108792633 58.476124989182196 12.361073762476604 14.114832141163795 3.8607042772732365 36.41815009098506 22.48328514454765 39.65642216208369 70.02466420116414 19.37640790391596 35.10316051560164 20.22143344976391 14.209244219927573 34.993527922448976 15.995683389822505 53.1267666753637 12.798953047694825 52.402542962715216 55.79228228725462 50.00889373776459 36.799250508198035 2.6535885484291812 36.38129554537248 1.440650868662317 3.9736664818339924 9.790268218245792 25.594166098470183 54.999227710339596 78.13289249980073 2.5776106358275785 61.22680658869539 33.29096406968921 26.46907879683378 31.594104952525537 21.46041087090746 22.702415111887756 22.425028211995343 35.787332732653525 8.987836735850273 69.08560736152482 13.423201864937885 49.32179146879334 38.51454776647767 15.025959617314012 5.8812725010388185 21.288344616745913 20.51269690241578 4.860753261120146 72.60188467008227 40.17934977662286 92.62317182708503 14.058827395237754
20
22.625633939217543 20.15876538547494 54.4860424874909
59.7062556063662 10.749362256068059 26.57245593495147
30.014612708489054 14.933552760923853 14.914987091321306
4.938819175309607 4.636048095946791 2.780438730851286
55.58585073575725 32.238492243641936 7.947735236570027
50.367273640867545 43.43190415614849 6.662763671239414
69.93008526253857 4.10189729737217 9.943145102445587
11.629734503646684 10.75077871147788 26.349694070267386
11.056683385816186 17.754153436480408 7.136708581657704
47.9702424462445 40.09764963136875 27.97349030471401
31.149806988019716 28.115644880043728 58.12511292486718
54.1513141633727 71.70764070755921 3.8064332094183815
7.064649692602641 0.582971285990023 11.500954997068426
36.238647946537014 55.08371625122894 27.37427917579008
64.94017847208268 13.74861739444962 3.0742379545623626
5.371588050945548 83.22924503881357 9.418499122876554
13.067478801140068 53.63077403755135 39.85047215149634
24.96422622774732 70.17358290447801 44.32407141388108
26.579599954175517 27.36120774668908 18.68085890582454
24.54208063167511 15.538297176248875 15.916868006224586
70
18.714215832869257 18.949292178702358 47.41305640546942 6.473092161383931 26.61317123048412 37.39603926118012 37.62248592963041 11.931121090464718 25.007828026238663 5.230065225051146 14.374195785232486 21.36173764058855 16.024405171064153 2.4088507662714713 31.207950089420198 2.6927657893262653 38.450895336682876 26.793728622287823 50.73440414654311 6.952119444844307 19.956725630239244 18.136994955866488 18.082179382353065 3.0505619075526607 12.791149367104989 41.36131541915294 21.043426903184834 7.612237151786498 12.381214710414024 25.247599987376923 54.30637377755867 18.849970750699075 25.8778218473689 12.207494517964125 20.847674718504155 61.1940329406722 22.60448698835151 33.75751395730188 69.35488888347152 11.081156673728733 37.44403450434708 27.71091652773887 88.5393995885357 12.741740408047717 23.936518671911216 30.9347573470643 49.311148422061756 2.1952714623593628 33.425895788738856 20.798910406535448 15.400922054158771 10.153349923583491 35.90748253091715 15.365857940848409 1.006458658258774 59.304073362351915 28.554594720714928 7.058394817618348 4.932563898556458 42.43158799597914 32.22670082979136 78.04559117446917 31.587645910556077 13.9827189360145 8.564365173050424 17.223090909058428 55.69494624604293 3.4149216651295973 19.32860753206966 25.660580787160296
20
48.72573637568744 83.30230849650052 42.41073979784629
14.772004372591129 47.54872084988229 81.21629981714334
7.951738519763853 47.52806158470387 14.66650319507098
9.980442655494931 23.773998249183354 5.58185333672517
8.416148610348769 29.561626191074385 21.03619842730702
4.220385326861496 12.381163360667813 1.1529347901515785
6.545114515328697 3.5243337288621595 23.2310069291948
59.34651864419057 55.23940970272259 11.310224173509445
63.570934613870634 69.31890940380526 49.97729038765551
8.44730810880508 7.333681645658233 56.06804852016831
8.3091841063166 59.10235264744637 6.090515317358361
44.11155999516855 34.65933295767572 37.21699705685197
46.40719999025558 8.258973175097319 7.970712269313829
26.07065918115576 21.66350702072572 1.377125524259256
15.437605507858274 10.334307126199134 3.136410898545505
4.64748678574094 65.970906469866 73.55109800167227
54.23392010403796 41.29071128704478 2.466190760966093
9.452007108118465 43.629898487180526 22.2595256774896
29.534997795532078 2.4938866166623117 7.964711001681868
33.61496821924944 25.942011094050805 58.673388478801044
23
13.42672953285754 12.133064948025602 12.689038578510502 15.800278002092346 14.307653680972916 6.675357892604433 20.61733153819596 67.17753692032035 8.842256237829037 26.784538950208923 40.57649207144236 12.171175459234929 22.914790973607758 40.86957871910082 11.11466765451069 15.885070844364076 13.604959455336502 43.65676819484838 12.850268030329 19.446506820441893 19.28603541194694 75.11210369866542 1.8985044822304757
13
16.288047684273895 6.275803279626962 14.797466194617913
3.2454294731399025 29.317968368745426 70.76993210732594
4.082288254306225 6.006040656436465 19.89410223115619
54.388184452398555 13.310952994979301 45.410329865700426
52.08419768584843 2.343281627035937 10.67665810668975
20.132044659514033 2.354367342382842 24.29874369744659
0.5674505034191858 9.401121865748369 33.08525507292798
21.85573728120255 72.201911051331 43.35455468650355
3.660053375391279 59.718703467178635 7.343429630063838
48.15649263589996 32.48053850831053 7.765732549838177
10.649551815711595 15.049536655557848 46.95004768667042
6.168370726729378 14.551165266085537 40.40774341932956
12.671686368905998 2.455818633458082 49.7428120181633
93
58.886896674701156 87.10659564633386 5.102477164774997 25.874427462934964 5.056918590772671 34.75438962381548 13.43104510809414 16.33252390796335 5.810637902265118 2.6145255566327004 15.021815558113945 64.96175597724401 3.723453288316824 21.581323634676284 65.67036966664355 11.16327737744641 18.598764283289206 23.541791762150083 41.5628514541923 21.362474839941324 27.900910530539935 7.523517677379532 53.077215911393914 5.0592970388333685 22.189037148063242 28.63565925677003 22.79147969428192 11.383182946137023 6.139793456488204 29.774341065648287 6.24853891240684 16.892862933561748 91.32429363648579 46.660525057013984 82.83183380618937 8.958198873885728 47.35327832383792 47.80166418289238 7.361705005091354 36.697853576331035 52.32231525703403 38.621811824624686 17.353511992344043 19.502699730219152 56.88611922397962 37.17967400947505 4.89729136867555 10.184618227654736 1.5989723039359576 33.05012574024377 3.811715998224054 45.113826896267796 44.977706098783415 3.7060484736144086 26.948051380695418 10.090667679255187 42.35363512279301 37.13466961208935 48.49129113716334 24.25153139047884 52.29507509398649 15.467344809858872 60.03190547076304 31.354826430766213 30.538412370169624 47.256191583950184 1.0939402534096323 12.803128214712794 21.41709509417483 18.659361788574678 4.705557267313257 16.639829792136457 38.653464482100084 26.82473804772125 29.589545761345967 7.177251047375577 39.433403466778636 75.6383889413614 10.395402360656881 18.855453056722013 65.01705260622546 17.082015621023448 16.071017469356118 18.5756162252312 56.57113518384398 57.70175316009124 45.00672932376424 12.993862862620173 32.7041861539498 23.353871545693426 9.967104336740313 38.757456274255254 14.001307477257436
24
6.916127280180498 2.3731723499587214 0.5726831325876157
4.078207156479453 51.543487021923575 21.74036252046956
13.100927685802853 27.684793140369656 39.059887060049775
0.8701884601207 58.50379818951061 26.14860981930347
7.999558530544519 8.708018400608047 35.06497516934295
26.318864518964848 0.8090922309262139 75.55483584225922
0.8502346119712634 37.10042562252732 6.337668945469628
1.476540986447457 35.005437467620375 1.5660576117566087
1.1375884285920845 6.963046781574448 27.549473413964357
13.681801820215476 31.296495154214412 20.967557690773095
42.611972017622 91.06923058610703 14.02841800037061
4.330703100999425 6.19744201139265 37.03576003926646
28.363642614698445 46.587286780005684 15.104132061130796
33.34977483945936 11.957172448465965 5.926972503543762
37.88052730940175 42.03903312663581 1.997511286670151
3.6182149285459095 19.094591411040497 55.0239118068761
7.59599426173087 30.36122856661941 7.08531017196464
16.667848234848403 14.005950840957619 56.284035549306275
18.465390541912633 26.48869964038627 1.6556213291799984
1.0069676359100836 13.862848380635386 28.27119252145559
25.046081280791842 35.559300508592166 7.336735026135792
15.719051642783022 60.631835459219936 14.279429350537422
15.452463951668888 49.68952200524458 17.59604103378927
27.92204388988342 20.854255547883806 11.959330677537542
38
20.76627889689092 20.445840348582216 10.664471475012858 61.29628173143788 48.344398158460955 16.50606108732149 47.107887894038775 40.46438201899787 37.90326804133732 41.626926927582154 3.408301061417428 7.570170926605343 17.105921767764126 1.3075209139182364 42.26042220290439 14.892404436040657 6.869530774670806 12.901505395873395 17.824248279417922 36.11587549120259 32.1789304525502 28.59020907620274 16.80419645496245 27.86218115716139 4.474652586567609 81.82831714943258 0.3684696537671106 18.315081831400324 19.837266441401194 35.34892076771296 22.254364045645097 34.991999961006634 20.431672620397965 19.37734395841824 40.838664629253415 37.95696414563757 61.983930632316955 17.167558056931227
16
20.053476178294297 0.7036612606939697 34.88579771133249
2.832153296963615 6.7425005838217595 79.7710615895301
74.74922271663952 14.527317107593948 8.801351805825801
5.326862256505957 24.777203129440398 36.353546776075945
66.89943403132852 62.836249164475795 5.423836614455487
24.421354432097896 12.649272014378912 77.7159618517361
5.482291243258751 21.99973727420449 46.93424402031977
0.6197356967856252 6.193217085429667 15.09353707940852
63.60773918472141 6.633255865606065 10.475744037935968
4.383341045126457 49.87176255888078 7.788706136141343
16.662846564170945 7.02121140844792 40.303972965438106
11.933463024945935 19.150858026494546 33.10081730159659
78.58215918099813 27.454028045554658 12.012893684991186
10.24712456442915 11.870106528495047 71.26587562460958
36.09512841865998 0.036072666235836826 50.236628751507155
19.868078061065745 7.407178836475236 12.833623807874558
24
25.961771862015745 19.613200270865473 42.08829456644385 14.735737948783534 53.11304601607164 22.756624682359234 64.9153539569337 11.196386267525579 59.103738302984 7.080548313788646 2.5820199135852104 5.225687203666329 0.9785989860816635 21.869679731095236 73.28210356750158 14.854437055380087 91.14657906665661 17.08612362509761 16.860369885401504 43.45193367791532 1.6863445457557025 54.584745486954766 5.667457003755903 11.181715191065699
6
31.286292275510824 63.677427705949874 19.670827557926987
59.02452506806066 21.88307480681877 32.78568250374347
2.1965131446645314 11.030311224978327 16.205024772858547
54.50442098503786 0.2354694205170187 17.58872131021169
37.39011009433662 63.94258504246523 2.952990841776834
17.09297283414123 0.4157383501419871 43.652547241454165
98
0.3195592264525554 50.556702048895254 21.199436187871164 1.6399686306189523 5.574114476796367 11.728686709507558 40.21676621074604 14.472939749360856 27.232734659348875 80.09827704890053 10.370513959568605 5.6042723313321545 5.247809809171508 39.56836842326851 2.5165257552587548 64.05484293422614 7.119993104318735 75.58879816211618 54.153168670533475 35.47903064062328 21.041961473707477 66.7589480113628 52.50341467933441 4.53649321596397 0.7742553712903169 22.11852687011946 51.332954359705134 44.083958551266484 77.59512005162583 20.26357023555817 55.42377882857921 31.51990050519319 19.779869254883067 10.062014475306125 6.605833934927965 69.6982484385265 36.96773901785558 6.033745724961566 16.09340424990555 78.67570920340995 19.21709758039815 73.59953534703875 10.930550292196235 46.28435972768799 32.867420645652004 6.773667399862285 7.3041948219532795 6.692497433672382 48.00149819048801 80.4442232717882 19.287288874564428 40.38399979183417 41.081218477981984 33.4463509795676 14.117211543006325 14.95153157865601 11.409557084139113 0.6365875140483279 15.859647648421605 18.723810488026185 41.47045301404047 14.39812717422204 13.082553806077376 15.512575444985714 22.697651242159267 58.21601965598016 64.95618634953757 21.073942907012988 65.19523590661345 53.024796482305184 45.71006198794919 81.04294026655091 13.007869776740483 43.68794945440631 18.926886376623365 8.129412366357418 10.419251308280058 66.6259651726265 6.037950343496503 18.460905048108504 48.29834164843437 15.787250062248736 33.34974076800037 18.779329361120766 49.652207104843235 6.11092799988282 43.48543770882921 42.37086738713716 7.7681746784156545 41.109944624000306 20.614195020461214 46.06883359130996 15.789190751837534 30.858548509252525 12.423604875183342 31.442349132195325 11.77260632922977 5.766168676931583
7
7.588920323606889 14.853156370938738 2.3898095164017334
52.0134491401401 1.7821315633620518 10.479712582629958
6.443559977101076 2.406429627934502 9.85889644365316
52.23563105841783 24.18502594806997 57.64787039830045
11.594857244820131 32.22755732124982 33.70219390046722
59.39855609309262 3.6009748783142275 48.52924405037668
13.897698147760641 23.92023890243255 69.44036697402264
34
57.658603087922195 14.217991305063874 15.299264595997984 44.103891156678465 19.106895275207762 13.224390711638913 8.26143708489765 56.909284310415494 18.62017541968005 20.62822529213294 46.397673667383735 14.948903799199256 32.9277967645381 51.68546337494942 31.4989432210668 20.239356226115348 3.1064218188337236 29.901346862706703 10.319679810927491 16.04393397416438 37.48162478720595 89.79528449713382 29.26516331158435 50.22956124332572 35.33520275647277 4.996330689961036 8.838747987592805 27.425573053216766 18.586863056617815 20.617305045972657 64.563539495966 35.48853617229497 81.07982520303031 37.94781792292436
14
76.65532609426864 1.3576314088581285 37.91148106607266
11.771928571876261 48.99379656481024 5.931506495998211
16.513469763967265 42.360658975234365 29.25138257998393
80.7811651065358 40.34280475658363 7.853244354090897
68.59445200732367 42.138638199625085 5.341921291742721
20.77337716311821 60.59256422164445 33.34004383263569
9.85999763481256 15.900522001268456 37.851807174664195
0.7857038999238553 22.809639132410215 8.385250516408684
53.40486234200635 7.046405839264529 57.76944624785972
34.58905874475939 12.173743193755444 41.404441286537526
15.586341122380231 23.825972747318843 6.031341157630082
25.80289809903254 4.328553008144874 4.541101582353809
85.01135142177728 26.165641277374142 3.5042563356069225
2.3261418187680967 29.114425060774426 28.530665488940574
41
61.849694007169475 2.327147797412559 13.849713714960675 0.7716824362721901 49.86464929055682 15.611066811801509 17.78430257404004 12.080938882336167 4.038719210546784 8.380629843803012 14.744550082372683 41.47282956978136 8.230752646554835 25.207572185076312 64.86823583642946 14.087709811645675 10.80753051276076 59.80999272212679 41.90488205907802 42.28895976235159 28.938322540904732 17.90284732462329 6.271440049759099 46.78165819626769 9.678008538244447 8.083455138057998 9.346401015724524 8.451716161667402 18.869213854763483 37.17695089463765 8.247693675821074 10.746257804949535 1.2880695174139094 27.363429813071853 43.69304252724001 25.597692915021664 1.3301380075602913 77.74624415172443 12.055621238873437 25.375441122108416 23.477286851793625
6
59.020912114747304 11.434004011325625 59.58049975444245
17.259772319758433 43.80008607738269 68.66516932619884
6.527165349047632 42.01672676528125 8.428757468248032
17.508432770934178 13.796245363275606 67.59793704122012
39.360275446472826 19.00006693145182 9.342923388236962
51.22128810462929 40.18941578406784 31.085224924029234
27
1.6753086122950434 2.0612435272587284 58.49916202972816 82.14166617140287 12.571783394294291 3.2191762622499316 45.994628237916906 35.99092352327866 22.527590084927184 16.380677250713216 14.984365835684565 22.938926154846797 79.91543840820498 7.099354672699977 14.521849864471843 11.476532761457705 20.625459665037774 6.293503564159259 12.66571737811317 4.075748965946583 11.95819463515063 45.88693296877519 41.000856615775696 6.784361202151846 32.48823303990188 14.391812485920974 2.34838275054595
14
23.49989049202596 29.399954502667633 82.52302777130768
16.99654563989813 6.917942875588921 9.459535149928465
61.36345700534574 13.319995175650561 73.01719892245012
79.80541880705961 74.49493923070459 30.659741637640813
77.18438036292348 7.916782682577035 22.126455330400205
23.110267376693304 8.30968121992931 12.362697697914081
15.630965920291748 43.112679392089674 37.57461649015551
6.11800162185702 18.139044503000786 49.33626717719175
7.3051347668361775 39.04561972382049 32.09538555214023
6.669320350595179 44.730382439602536 23.4181501641736
85.59616252835757 11.878871606687131 14.747359240540941
8.6070662876293 17.8328446062786 38.2138760000823
9.067987422418954 32.92950547701179 8.56838542556047
14.41045681558907 49.150375087620354 43.15343394452576
81
36.7455760566567 17.88922432105761 4.227276499375131 13.930088077694474 5.495145080433868 25.996107759936187 41.06291325650106 48.543275563907244 25.235004771017174 7.49261301789271 2.944086570714577 48.61809162540999 10.181934293838658 72.69508685167672 36.75209097189272 17.767124146193815 21.903592428196326 32.674580304789686 56.64377426247792 45.42462413124668 7.7181814072947095 25.928772956653983 49.50809686961031 43.20650055852013 4.682646674894087 17.253167639554846 3.112805520638201 55.75443477683359 61.9326312576912 10.770271086190599 73.26678509122944 21.19399316550977 14.525329286233568 13.152214448007616 54.70158221089022 5.981622630574478 47.25053483890718 8.244889215794418 17.908043141159705 0.8052313864654259 11.631033914241108 34.13522814829624 49.367344408424145 27.506814459500035 70.41435633683722 11.316803164332228 46.89709325170931 0.6271052385040055 5.262220750975398 10.303631289800737 4.603930225743383 17.03157831461615 19.258416561745314 11.303236612488657 33.760193273729094 25.74545803435491 11.309458986274645 16.60527370177618 52.31188452251753 74.0324119305482 35.526919353276526 25.50997674805454 7.497455542156443 24.832883199623332 66.3014737441102 1.843808096412265 46.359752855996724 6.007174721233516 27.44512262441271 86.65822208389844 23.342974929889394 9.886786841930816 18.036421902415775 61.92893429288756 4.982408547592884 14.681319529103911 42.16259279091184 8.56981744592047 40.184582736836745 7.57831721618698 52.605548673199486
10
24.01830982997001 26.726631469422596 23.324218575145615
42.07250272959311 51.92730045458187 18.919869895772838
15.404213314565785 4.182162222881968 6.588863126788317
31.09508282491605 29.501918730417312 28.220952566859257
0.30282229239892133 19.28595634534882 6.594753361813973
1.767715387143206 80.97914282205659 13.88896284048849
18.28231317307302 41.69412400034794 62.466158260503875
2.683218274160404 3.18555178676055 21.814926148805686
37.51442174502374 57.425015423758595 2.7442330703409716
80.95345629220786 11.928783014454233 53.16678472079336
92
37.275469069233985 4.8622657948100665 0.4957703992827227 4.754413019927218 4.646237919189023 25.083492780933252 1.7481405519889042 44.138327429426475 59.824447487740905 26.639033845340084 46.334460235342554 12.813804664982323 36.6376445784267 5.249969401063449 9.662861409248562 87.2903457241301 23.265656112650937 16.025151796773358 15.863920867257399 11.543952387238013 5.453778991209937 1.3839193888004775 0.9038912983363834 14.07282636448702 9.498765339211195 24.31295914839265 14.092166324219116 28.775483571039956 3.5685776160977074 48.99777427428436 32.45145390334174 9.113875927771602 26.880063217695415 24.64655538186354 12.586856826132161 19.419144353290015 41.64391343116595 36.11078684787213 22.452338371085276 24.58978665540312 30.679318538585242 6.882045181917505 28.391237557144475 85.20934658185261 15.452370090606866 38.64871537048887 36.05650148829948 4.9812644865764995 13.074041894914473 77.9951329497781 10.437871322661923 3.3011188137862453 24.667345070625352 25.070430010982847 42.628034936388026 13.71448792914374 2.9314659189363104 59.01147628098483 3.002875108809632 54.282929481757876 36.13069637653209 41.221845456774716 11.682795081065176 16.286847417503076 27.767312550175184 3.846243957197063 4.87098736183002 9.255415612053943 6.109739539445378 55.88390187546139 11.397269330938528 32.951582454166626 7.214016425917937 59.586373938567995 13.154834243947857 25.339136023648695 7.513165561084883 20.826767560773046 43.098538627801204 22.687456749371435 17.632293448123903 7.225060328819671 68.00201864172674 12.84243990709517 35.206126084058965 29.977382432944314 24.095098029848568 19.315914286852284 2.6382421966614866 8.704874899702082 3.541778117897497 17.69643337951857
24
0.27105225077156325 18.59784692680527 6.771379619782428
9.01438521643559 38.34399460762139 15.446337247651122
9.330912483391211 33.11035518002741 70.92950809736831
21.378968106411342 1.9093118485336724 18.996239928424323
19.47579539449349 58.198355110361376 1.6840182961843655
28.865622147123 36.16857547840576 29.374953526284997
5.146438201108938 14.233865225973435 71.4287448721936
19.733451070547623 25.791063814838175 2.46918452717144
13.781237641834009 64.69049689422222 77.13214060049705
7.41543718659583 32.03530821088035 3.267332121588411
21.1937719713959 64.75818646998879 26.827280342076726
11.641552146260903 22.00381841374608 14.297513432601479
76.61122177496341 10.364163313060894 13.635116566437619
30.640713189351168 11.90739085096468 22.674848415997268
31.18727141694617 24.134501726376687 50.85896604120248
43.63047333097987 1.0890717834728834 9.45590274134867
37.03340869353074 26.2058138965149 7.2283981415282215
43.446822098611534 0.9007983626581886 8.252408223402929
13.521353192877648 36.240240421179685 31.648725445788163
18.34819408599327 20.885347271372947 6.195716130183547
4.818867052117459 13.06916346458287 7.344433695694388
70.32935319006175 12.814342102559346 0.6961276529423582
7.838957880893172 43.01918023496943 29.979029218969348
34.74118201766133 8.527104450608233 17.006679634694656
62
23.92923303207171 5.771497770759804 18.923854268157243 43.53200546292813 59.24618951075391 5.9306275877937225 7.622542821224411 10.793121907245704 22.465737059392456 22.932525933606026 50.325149949690065 17.881322359145273 15.817750283589183 52.48260918703829 6.5498701224373255 10.374429295329774 10.115394330647076 9.618450091339621 1.9233330540934463 1.5808923556269865 54.477677130892666 16.620024762085635 0.5144920782851821 11.224241353167029 61.328751679417365 16.701460116871605 2.446148914582522 10.52854272881077 45.12931699250226 2.3459497103805385 7.405779443014971 35.186306003512954 60.261967176876425 23.509863004051773 13.521674775426407 38.76753414466021 29.829336648706654 18.777003501686263 2.193806759572895 43.594252837807886 19.442687398615384 23.56175708136045 7.253447670546551 0.7020039227376906 51.4935524070234 32.16020091802523 14.618653889832943 12.144772075130495 58.24338714192782 4.859213181869286 63.23375431204133 16.797999113504535 76.90918479753499 22.945588707700963 45.99380470294917 2.964988883007335 10.718381978458789 24.32804096556287 37.333698236588006 8.16409265689225 86.07129992583442 3.3764218897223395
24
4.886517219645002 13.255508969045911 22.839141996241665
6.9575823498516005 25.55239076655741 56.80986409263255
0.20870951342432398 12.263455142989606 37.62485591263836
26.523486259434808 7.106369236860084 13.428836496299754
7.670227086487502 55.6977259425992 42.89547844473854
6.351926841716805 20.53218814053058 20.37180145138266
8.216762543984748 33.72885697066845 27.152661030007472
47.424305043294254 72.93847144474792 69.38683581762498
1.6434963032282066 21.13937853194571 22.74918322807371
24.527974763095617 47.211147801921165 50.61709879591202
76.51304151658208 8.23641679726267 18.51371835573223
1.403930113773869 38.4723808676035 32.84722301093557
25.548611054275117 5.425309615981085 9.07200965000446
5.284115744169394 23.05205993169887 48.57046824665072
0.714043803742322 26.833963208156554 37.919204453693396
9.20285124103922 44.708388259205556 47.16014253969816
16.14890360765148 78.27573768186247 24.18250526030943
15.74385390628703 15.222214608361885 16.895566272116994
26.416237995483765 18.53447169665507 33.48772234189858
11.461996006351667 8.049016785439502 16.042474221348698
6.208289731876726 20.640000504725748 20.448476419918123
13.611876968573537 36.9865772945321 41.59952225299438
3.773673302203612 28.240833249222188 13.730523923508343
7.606171421315597 41.3037347846144 30.045051946051473
17
9.743434707113504 97.23584152176751 23.731728105040194 4.493956321619487 5.776436172712841 11.92428275137448 11.998478214859293 24.25080039489201 60.67433032752342 46.45626611358622 27.574624374531666 17.171604616237406 6.510648967599797 64.53563623908119 24.447967118653292 0.6238284698759483 48.71270624263052
9
6.169352579087095 22.746477090409382 13.474984648417236
41.74889345888784 12.941826559530195 11.294968149528692
76.20945917521934 20.290530463012363 2.160638897935399
8.154216172287569 45.30982064952612 22.82287439021369
6.121181872601194 69.07984322609755 71.84397985794854
44.564944395953844 11.541314345079925 10.097071862911916
1.681356171745903 51.050842393438295 53.651499807259164
56.93009723700517 6.76781373788399 40.48505865818939
40.99632960179479 17.513819552753972 7.8308707828150235
48
18.040667236898447 12.884141673289474 33.46362089014945 5.027838386013933 11.965398835425823 10.65652405517909 33.11407619542514 14.97210969381585 23.35740034583012 16.302995382581138 48.05023254071765 32.35466067911181 54.391312616165905 1.4940591769655418 29.238792477799645 21.841678695505962 11.219380490554098 4.160572407564184 0.0968738245305849 51.28772559673011 36.78962492543767 89.57342085121661 44.7496445470705 13.795799881551508 7.712603224883363 14.546134623129365 4.060004562528338 56.927119070341746 21.247795222738468 30.778211363655046 13.419482249110219 35.93478809044797 47.344464039374074 7.142887257753948 31.985852352188807 30.621946145619482 64.96774032194523 19.93889015023184 37.31874323207809 26.568948371948622 41.54532538926044 11.411761104839847 15.528898065623846 13.071561575711202 14.802399584709159 30.085956205070204 48.81939971184064 6.504660805846885
26
2.378356764400377 1.2413489457747542 32.343069171642966
36.030536415926726 55.5676936233865 92.60513929124524
47.98304308871321 28.402094064892847 21.64983616054946
39.77770588515916 32.34572984135388 14.443547440295303
2.340661976118334 64.71721349568001 48.03439559112046
9.398768009004025 27.788846074309514 62.37009519657411
36.081608288228665 65.71265032871028 38.096393959376066
60.15239461499948 43.54768559486959 4.038735257036307
15.781910018203789 15.293173151161394 1.509875856118888
48.09835582473073 8.102885474200106 3.5062671751119154
12.444303506177837 9.08637307693879 42.27107585461179
22.490118828797353 7.92246849195948 14.11085745194855
36.322611769429145 18.66143070809922 15.896611211997762
6.615529080782001 53.03298881095822 13.254278998830324
36.05062314873559 51.689647170927394 29.031308250736963
42.086439684997444 22.512486304041936 11.24663053371905
3.560610205358164 29.871597189688256 33.41838601542344
18.23575688487387 6.5357686080313275 30.98323491990094
5.010337080774547 43.05766894992542 5.911749480706661
10.589858395227095 1.2358217427946747 55.97156378472254
68.97826292176201 46.69177426051942 2.525162270921595
17.242078704323724 8.342030460309703 1.68034246196834
1.6081828021232063 8.57563471090151 48.92000539316008
22.679385112857776 10.033275883827889 5.462423231565484
36.65335199583685 24.8555692312833 2.8403384963170177
4.094227257100087 20.801789375021468 30.037188954725394
79
56.423677195649105 4.166377912260311 65.71108341690278 4.700761278390344 67.41574146309831 25.75238105512154 5.619543228954632 97.9733661732722 13.807391359688715 72.84471817735796 87.46837712034743 26.23434709118648 15.716346527795427 30.99906637533042 15.851434415039963 60.880282157718774 44.281588960294634 25.781994586386652 53.972929317780235 9.632572137472286 0.6083562624615679 32.164387185754364 10.604677495666866 17.36623181440651 76.80047934860065 54.96778623446517 8.153616040203422 44.73697007137557 19.730279524387615 0.30798555334854927 34.024602671913655 56.343982188180185 36.85748928505555 8.432632515537058 32.852721951989324 11.936154620388422 12.826554507274714 0.707774768041995 11.145336349279821 10.795587525412818 3.855577398507532 7.391589874915994 2.3520522110555993 2.560668135936639 12.88527655954714 79.77903216505754 22.77863924055799 46.00525758040723 18.891587946736117 4.8881484895105745 48.670568064068256 0.19191580559720478 10.368762269972411 52.683956218574444 10.824231561932002 48.42068223450539 14.825153526838916 37.91533285380615 34.390886127879654 3.451551647813478 2.1717134912961953 18.32192679016395 16.934726096205743 8.081940545250363 51.70971629068802 22.158511550019092 36.95486342394387 5.616527515691406 53.36797954786544 9.217824385563736 19.840660349844573 1.825263738322045 80.03326407829903 1.3253072973869058 6.996676743963552 50.99513052113167 15.981683587537134 15.528407828763207 6.892026252243886
4
4.863732541791732 44.15435933237904 8.527622946750503
28.957466413855588 36.623412930818525 0.8888705473607166
27.29009408488153 20.562475675689733 0.8345488750495844
1.9527619733432342 5.691286004949125 2.7219425973619797
40
67.40616372571786 24.352586821038212 99.97701603015427 44.0464657294679 30.082833888410143 34.26863702260427 40.82818935397789 17.76933686700887 43.83055758920491 50.419743187125505 30.999929036773622 50.53813752841597 7.2974942983057485 44.86934541049192 9.562266958798682 6.885683188705192 58.071070858307316 29.080478596724053 18.81529230315223 91.37630946248643 8.93162129486625 26.61911523599464 18.70139280154891 15.364888396758303 35.28742446435228 31.077336120000666 11.580268332630698 23.909122979585092 4.016579614351411 27.483484640259004 29.160494514132267 69.85449951794529 41.43574169374144 0.7030001935394536 59.194418067410304 17.029518895948485 69.3717438635823 82.26556309483186 8.895999935237096 6.019146651829231
2
46.125332064842254 66.28145803181853 7.068336847126351
32.85228245877299 6.812121546116517 48.06371379950062
24
25.79690502001856 9.027947261339245 9.141965314267669 4.394939394870329 10.73437217458341 16.213312844786113 51.851206782258075 31.04501760533968 13.483919586322124 4.157741748714363 31.287168547709644 12.201417977801828 9.916704807051387 49.64764716909654 34.609696368991024 60.645928152135255 31.902990877127053 34.62224406605207 67.39007391517605 11.302302491341617 13.919737107750052 75.07665252666372 20.286463941561557 37.597406527648815
15
15.662626852123227 66.8052975226718 7.076729358136263
23.11301268036787 7.06850949590368 25.38537321337199
67.84636513159434 37.64847757097757 13.783345500678015
3.86903971190486 1.288300436765443 11.711824953780162
53.623288918291294 60.897334155233395 33.402474136746996
49.67203128471028 11.236134060312096 7.91296844954531
41.50995550065551 21.508292232683512 24.127082143258605
4.841229108847713 19.02354237906406 68.88145389707002
81.8663251556462 19.570853634830986 89.56058031523831
12.021215942351498 84.6629053005159 25.110071456374303
7.300773509224717 74.91759547316914 64.37012903857482
68.4817935986486 54.89312943739374 8.865572645697137
87.64003861120148 79.19868346804066 10.256529607518802
28.99314134440121 87.14871392424111 40.58064531331121
10.743126807705776 13.58541382596974 7.270434524206329
50
73.81439596921348 5.7539551274246055 43.47672410650522 30.946120459985895 10.646453749243308 68.84086008853835 65.38174738115138 6.560363034290684 23.53574092587586 1.057631592360923 2.654382993317883 28.97869394637677 8.99050777717967 44.23188388580887 23.81811716511691 4.764080859459123 16.651643419712276 3.606186311690127 4.697361550785342 18.27101523271327 3.9641280424893237 48.047558205047125 0.07628942888893597 48.13477048843957 6.517525025538309 52.75116199725388 23.27060716879836 36.5709939766762 52.0160109674679 52.751538465465686 23.634968789048926 1.632212628753852 31.688545271530778 75.40663530249775 5.31764561753557 22.6204441603475 2.835842577494553 3.5605528790534895 10.091451057689447 12.431559786969885 2.7744975670274625 23.54204026817171 10.888625879825533 41.91369747034547 46.732970243832305 38.56597022809387 38.542376725525656 16.095801577796667 6.241626479352234 86.64230389965718
24
64.83337074775982 63.142700614202724 49.76761623931117
1.4994050362327367 4.084625042542293 40.76261960025085
11.972545162260559 31.086626594380192 43.88258696380831
10.186137990735993 51.70634342550635 55.20817088332234
1.1509526880941956 37.44331915254875 40.019715582519126
15.039541581512948 5.238415652429579 37.214847597206614
2.00953936507932 2.0540695484104 17.804168496649066
32.13258717336788 29.65271459019912 20.47362596402277
39.42030301763887 96.12635055741534 38.04597999446276
43.917116230512846 16.993395703634068 22.865493309939126
15.382023826990723 45.55435130107705 69.14129862004698
45.14082954904293 27.066775622553116 37.932616300831995
75.85035453012486 6.750728131445852 5.597484817345346
4.147574649336914 33.02136501953516 37.27866824860697
69.08117987478867 26.233513869276536 39.20190045169764
30.523345135097358 72.36853313389729 65.12216417456955
24.222412122431862 78.69476161663431 4.075943613113747
58.15973206405578 31.04348688433162 13.22308167484117
10.786884116910711 20.03521758237746 32.84563633729796
32.64533220874166 20.352661697277608 52.51472667957792
68.37738631120472 19.683855359086927 21.430312167209443
60.405912481713884 24.490070285748487 26.70658460983014
40.966496248293396 26.579573661447117 25.929891371240696
55.94146119705583 16.637414943241577 37.54414185662153
74
24.638518055527598 55.86983328292418 10.41009097502314 21.796055074974184 42.84609550451089 58.17675497607155 16.86102704093763 26.097539126391812 68.6483768031171 21.325508407933604 4.097007971228455 53.36837557693296 18.482876246538282 63.01810697741853 42.92738363050888 9.012609546522631 0.044148089093420495 17.10754326268402 9.479195822841914 11.551918021416988 13.176594966565997 19.24376682336136 4.9099612161054385 48.418604778419045 70.28113706303579 55.00950348663507 5.752758965339989 2.8917108057659813 1.4937919839933613 38.4827327486035 13.372761399549688 7.079939020174236 8.403019642105061 20.830854134529403 12.692901895836437 40.380917562565614 42.31066561278846 30.439648699480184 2.0732332878584034 0.4522513838569825 29.981191904530238 1.7818661128788948 12.547039930176208 17.969607622623702 12.651653029282755 38.791406900398634 8.565511453117553 22.745898911095416 28.613208211657447 8.471034021778564 92.87100186286442 51.41950701211096 33.1752912548672 81.64354367873896 64.73052816922579 11.957150798811435 34.62443486669556 7.517944330163389 24.122550813534616 0.021362129373433958 57.18484938586721 20.3450395658592 44.925967663456504 9.840083837271028 14.816204629365794 38.97548997838392 37.55540883374593 8.21511108913403 7.0670229585594 26.672898041900318 17.67873140794054 0.762495049701303 17.59290380689149 66.43649165704868
14
35.4566338106509 15.61558809009701 56.58752067874151
32.009196597922084 12.052028195080881 58.307261726472504
66.31487562108722 82.69401315433572 67.00768040556628
0.45430597649073 31.452926969460584 39.18735521890287
10.262149388862596 15.24166509647636 7.259792751313457
7.111492795901993 51.69639385120238 0.09661700217820313
9.315033793021739 36.900031588655445 17.464304387241988
1.8182770617896704 34.65106981362767 54.32831252285156
71.72226815983839 12.097955200167211 3.573432019553325
2.7720086962154866 4.92333938433428 26.32566527222226
42.78326589127072 46.22940358067849 21.07561572785518
41.54641499864388 35.76890380743276 10.707816245253124
33.41188603621039 14.079235757976285 10.059486342082721
21.95025010536682 42.82851650011912 22.464742192179266
94
0.4554633700060682 6.0057119324679205 0.9526164645142838 29.554570131521043 74.93207433380796 22.337550523565497 3.731844655026144 15.647553244146525 43.000520241699284 4.374562328763973 29.9993126552407 2.0606867602582923 20.85402935850206 13.226726874168971 34.56243869431199 31.110189042798826 40.4777843359218 87.00777748548357 7.955417412764515 19.687630524144712 7.239467737600933 11.98452095776103 1.7026788188198339 10.317968675643426 60.61975927881916 54.364995408564184 17.130328801150934 15.28216962944881 26.153317000422827 35.39984214183277 30.201953767963065 12.130693367515835 27.23517941350201 16.126729623295418 4.12824541260952 70.6637724931039 13.948403159793882 8.84059443232648 68.64681706605778 24.715020698565084 15.973158703653134 13.418089279209024 10.562590266924017 63.3632063254946 20.32572706385721 44.34981933260937 62.21358801182352 22.480008022616172 60.455867061741635 0.5149472213147137 78.93700703070368 17.549794499391098 1.2772573485080883 11.722089242472691 23.954115757931046 0.6802489158341243 20.463526207742287 18.042138448958276 49.55689813863967 3.327719968764165 9.320244622551387 8.842552150773486 52.5007580726309 52.87024897630644 30.092403602259942 14.286408739642779 0.4726215274593035 13.327758494850931 56.0820441807696 49.9069266009104 73.6542213105036 72.73579981237593 9.767497000912194 0.25712255990917443 44.83404581205456 34.77077693076189 26.19945854178075 10.751806934901351 13.700747790638012 29.223089612240887 35.497667964879035 35.68725378453653 9.25745006751426 14.160087059285495 24.789267895055886 7.01492296250145 1.6504395972667563 25.7067996417919 78.89744765211186 9.363569317900684 7.568104512530475 7.120118543147502 9.620966248623766 31.313508058541714
1
3.1710467630553225 17.09828580538307 53.18179033312264
99
39.38598740235159 11.483955569421418 23.326570429038178 88.87888830217432 55.36585958784339 26.29265612672007 18.23661000251385 28.331882280688237 17.873018976315667 44.35910522936952 69.626680609511 92.04135974679409 12.743660786183932 53.703931774597955 34.25707842066112 25.059522026820094 49.76149783800331 21.70290619101108 11.220362154864818 11.846153188411032 8.181827853092953 1.9656648620487842 27.323166531187052 1.6661524533790866 40.673851687764774 32.26759360704679 36.98391458338208 65.4320315597205 23.30355957729926 8.251334778896958 3.879710252648846 43.49586422220587 42.41373653112853 16.92211462681772 8.026503080269112 38.68949067580378 74.01167022176176 57.332335685442175 1.9756062457928276 5.481791199996142 15.155690247100768 70.25962729160128 18.76002819470584 4.871937845221131 23.478288698009315 3.486226524376769 30.812329481323243 70.4859038049264 7.564632135179686 0.7021380774938457 57.849807812739606 54.79867782113522 43.74007744473422 39.17751989056255 49.10555536907945 20.548414009117376 14.32965525991746 3.2993039411272536 5.448024395838608 50.15315418975022 16.903394660758586 17.283747675533025 13.342211205063785 50.93094978471267 8.336148004707454 1.1064673604249289 51.98595695994178 12.32460591133288 13.459074228870701 41.85333075273716 65.38087738126303 34.64339143531129 28.604411350887332 5.764034018398778 54.11481068462629 7.2014098035175715 5.281201449500423 82.20034122802805 1.6567055744151853 10.603579417610941 24.299371054495257 10.981023432598118 68.31188435383015 48.423160830019626 7.166103315869178 26.798001082920518 53.23528892700728 6.624406016828304 25.665895810569854 54.180566245817346 23.3125190788342 12.495170463729266 40.94534415063874 20.310544661475053 5.591411038082962 6.229238536787845 25.275399132890044 90.49561437032406 21.125294434839358
20
6.300561963557795 76.32752496948349 29.90253328930502
13.066479062967835 10.771555630610445 51.175182398099665
46.27902165052765 21.748313856527155 17.293604004044116
40.34341139378275 1.5206433372714558 0.04965883939856963
11.72498867955651 38.65457237606811 38.35791391744722
2.120040793815567 3.9779919754476487 12.275142904558138
26.02294852693709 5.661692412145384 79.65388884366786
16.805480584782433 26.00688198929229 40.91145296299258
22.9267462198058 22.912976363123533 19.20104547971057
14.060496196021202 15.483187268448019 32.40726433215996
53.77931000711824 16.918938093573143 27.89621601419039
15.331945892154302 21.64419501367298 17.76990682977749
3.398147111169874 19.962843775939728 20.853751456459907
5.679262145522795 15.67815328595561 16.826792123451508
11.178632136884893 16.67538722769685 69.43876877994978
53.357056512288416 17.674331762138202 29.78990264205044
18.95708304833196 1.9763990915827092 7.912315611666443
21.75261058107168 20.14541854885025 8.116123342741345
1.586009431410291 25.95281556018004 43.404215660952694
8.155424022181037 19.58515569146228 16.71665482030203
77
2.0889563575296632 5.619024001095032 8.695376353094685 17.426636882607813 64.68256848433634 0.6097130755837099 25.468085549263407 11.310899934364294 12.392804839062356 22.132262722911566 19.740300646639984 35.53483444789579 5.406349650963057 33.31238304214038 1.2314150450942862 10.351180008528571 60.105679194152245 69.98149419088107 11.702708483809033 19.067593697963975 10.218564205306446 43.001638848308154 0.7966170671644053 22.478748642837672 6.212122070081377 10.504998580489097 28.595529232186724 16.829501241113075 15.286050395704775 4.183754597063053 18.458400352809672 29.9450570145326 6.61125398056887 5.751222882758953 15.727391741782261 9.222927526829164 83.66795269997037 1.3052688055559574 29.661107588021665 10.79536641719064 16.90362360737082 4.0518657603704575 2.493537103908059 14.636600307659982 38.54954377755731 30.215096964915322 2.6721493126976132 21.81028771340919 49.53325441907281 13.196634461507925 33.69348856661017 17.819576547478746 38.405643653970564 11.300733192963184 71.79912719138059 49.078666543441614 7.992958249881202 40.01076880556459 14.536904968007962 2.315046520351498 45.65115317557432 20.91669799892097 40.24996088236517 36.42324982568112 65.98264750182234 25.212459911379053 14.295387817417012 41.65415042499245 12.399550853940017 54.607463301762785 20.083324212009604 35.45811833778563 5.005635521650132 47.41590498952884 15.382147205117537 58.8112959078412 11.256244657176808
20
2.933499495860516 21.256758239740307 47.553828967263954
5.120252971396275 27.53086620792051 13.529718637786942
51.228472196622214 14.825104257326426 71.90702095034833
15.530933660826435 7.676734238319071 62.806330584718495
98.37750217652251 28.453745257171942 7.262256426886137
15.017017767343642 12.307962709606402 44.023963899911934
14.630637116559846 38.25791908366078 28.042103998729438
6.131106883437276 56.17306778414201 25.933644099526674
64.77250511545844 10.678270824591193 33.16666324412587
8.345504373075071 74.34966007935667 32.57869235071538
55.783818096794015 84.48601094770211 23.29864909749272
3.9729802012608046 49.61301555881274 63.23567369595181
2.805754665371478 88.79323563785378 9.428733747682509
8.071655011997356 59.82071330793411 18.640798281847445
17.589085319608742 58.892928852594785 6.69941698665237
10.500554884822128 1.5764323263956133 2.7051881774238584
12.24577456304407 46.11640646671109 38.19264678738247
4.118399338072901 22.749973485452553 61.69228366952468
5.332673224534583 18.8286767918168 19.174724736288468
16.472218539035968 0.7045603299489306 31.279625705906017
36
35.1681292908526 32.75544903503475 13.971607383632847 9.67038947931746 3.6195079213252077 8.55972477766815 57.33687365006614 34.053555802946185 47.15838373222705 0.6222270489864224 12.626791490355261 33.41869811583599 21.405865573613514 63.652909892383484 29.030715007148405 59.81718572630361 17.745210996059456 18.33823229281937 0.1327840964294319 21.125102312572153 48.76210181485962 40.545974130790576 17.664684119295085 48.80494965411411 93.63792890425292 16.83157942563485 18.28195027384763 46.3954119713358 39.69513035803004 11.182351422207091 14.718649210188634 15.0731255700682 48.427817426207454 48.33633677256534 14.043634671109487 3.4716501349732662
7
36.398131502348555 19.30818738894408 18.116701193484367
0.39910560658185723 28.459249209078205 13.827431328385542
0.8666363780766403 72.99288076225864 58.624873899519855
39.17488724291836 14.764638459239283 1.810923657187618
26.466580428677833 4.177281423651692 35.30939634711289
29.465159351095828 45.81036888293187 3.411043171694594
27.42913527258397 37.947904340201255 72.34228772907126
75
49.208308773473156 63.59816132079617 21.498617048093656 1.76876561401511 7.377263447305498 19.772431419419526 17.422951586576268 7.889098648752006 8.257752196724732 48.54604763287728 5.548438702219283 24.855835494674995 25.628644995426008 20.441288216457245 21.269142242231776 9.80000189073603 3.519066713796927 11.650162025919403 5.95587315571305 46.197582241183134 8.432763922816493 2.897256594646158 9.017889467645894 14.35846970426078 5.450635762588313 26.44465844521762 17.093141190562463 38.84798744055605 19.494611255133254 45.093943796314335 19.276927047283426 42.682197911745675 9.489164704583917 33.592125481664304 19.557996164196823 76.19472945316555 51.313055334028334 35.71397161261598 29.731221899550615 30.97523197440469 70.57624964135277 48.30910103564651 14.58301876443074 63.503788257484615 2.2481073205904782 2.3576260490130148 2.8104878143556853 0.8497339478728181 28.554539806143133 11.354059720589124 0.538589255942481 29.75414540414592 17.094825658202495 17.647324086594637 77.22312490231303 45.221245478767464 6.983656590815027 52.447683209439624 32.17612857474842 27.234073335241476 71.53808187658163 48.272114558306846 48.304468309016016 10.662421755115439 12.983316412207362 9.871017187996832 13.269774627889138 5.783548118936894 63.4565041721058 7.728133412171259 23.6601819603479 19.97255724048526 43.858162056911844 8.58480488688666 6.218831490423526
14
29.67501790200124 29.04922508060589 20.487763809297466
1.1297591958558746 5.601643616122543 63.83504080893006
57.47033187985606 95.29570028684276 25.039816280357787
5.322224810904965 5.236494156850503 54.713014822454205
31.289113040259632 0.2860037464388593 10.227757542112776
21.66265608773763 34.05232031232609 7.531139729998486
38.013699754890055 0.4150886015886923 91.568027564511
10.324687471471906 82.79338819748655 12.83153053525769
58.09996565538133 5.823383415483901 60.276813594656595
22.282436756884564 40.65146431336797 52.37674927712893
12.932578758785532 68.557755007969 49.11265313512449
22.733882594016542 42.82839974036693 54.9869338803268
2.1707756658746997 15.30881505539409 20.586335544556864
6.46737839298771 23.88097354253314 21.1824187396931
22
19.349553751000325 79.34463937685868 23.596122975616776 10.658261473003165 8.231037791966667 4.069095767968897 9.818469041163226 4.296280921349988 20.28521408780471 12.977621241886371 45.83211452426363 66.95695949624782 4.032972692894312 6.458846069266555 10.50968679933798 2.028195208284129 47.426396051563934 5.647177736499449 73.53152085735617 55.42979740244009 59.255376036250546 51.93571856670557
17
54.95454352399795 1.5225588143027458 40.60876316324747
3.5825516128179125 28.907555279847763 7.587158308205561
28.245818464404472 2.584806084201574 75.16350245859108
70.26301229423302 46.696221089455335 0.8271673546433103
15.23292534934094 75.41715039485906 22.002831873621542
11.051558971221924 7.571646290423244 8.627734046262457
10.17841477134468 10.41389210887586 10.186553482054952
60.84385102847099 4.02249333444875 17.07423316720574
6.8803223133846725 55.837125081892225 5.905216738337242
0.7091322309604164 28.87703697655471 25.678943716315164
6.064402055676981 66.38649166913189 23.127424452165666
19.651642796238818 8.338354521111022 15.786225326439732
60.078151987821116 66.25067196667625 0.7692461756551627
24.301497283842956 39.67641821236377 48.557200872093816
3.71283086867688 72.36307521745461 14.605358646731084
6.779715084906703 45.67070386002273 50.508285132454965
33.40005157343299 24.41198774230387 63.1931811708594
78
12.265986978332556 72.98055319451807 63.878705468097785 8.271641464558833 12.268581154651613 12.030242939288938 69.74265865312617 52.89103667905789 36.77624425956406 20.465407246155358 2.962257896583104 73.41319177866941 34.65308504536839 11.721123055229613 12.913265981787188 37.46626260949402 23.721692607983787 22.404367753648458 8.16384377505308 24.72184913564609 36.34226262780835 10.131408595188649 7.928725638460924 30.22321868855137 59.087774223801254 9.247109439470716 64.17485495582416 42.52607406050857 33.920591339915056 8.890511535874236 50.60470316795433 1.0700413021707575 17.148999133322512 20.371984514330272 6.386857556799943 37.57854898639891 24.83117833315136 39.25464146608507 21.68192715128917 17.58651683598036 28.06962777588247 21.5391967966252 69.92733239501831 12.78891856494743 3.673871466898877 11.364722741365261 13.135815093890853 55.40091501945484 12.830276979747136 23.327318663647386 4.380352082751322 13.225984755076183 57.61058000841342 21.974860272947065 6.50068346575262 19.385800551618175 26.15085400265917 3.8937370249504886 44.435181086959844 29.53291972268852 4.618370224377638 27.67465126491458 95.23045801652516 46.95246760056593 5.917955978894228 3.4952188046772004 37.436903485805686 47.58473695606804 41.658762387696086 10.57050892662385 52.44518205899658 54.28920308279052 46.19808146360967 15.596992441633965 15.692156549604253 16.9966055873292 47.369443321703024 45.1791120686019
25
10.377074182517376 55.35163010503411 30.16232627086214
38.745677798973354 12.088628140970698 12.254681342065037
26.583445467195315 47.73797412749778 4.661870107160848
24.38687973057805 66.79673914109172 72.56164277949195
6.003175791646656 0.39924370263054243 0.3989415921688597
47.00218855796033 39.443025525409325 2.738727580702239
23.488996507978133 37.21498856243803 37.40115436068779
30.39771947420532 42.23964901665448 19.588552086576954
19.37400399090717 70.6217033817426 91.9535879695899
22.52950915891382 9.560747692965393 37.261111159372916
15.41362252566915 6.684899740559713 0.3390955989511135
36.09429654138463 35.52194279902126 71.13030211681254
8.086019451292644 38.09796433637149 11.37251579824261
3.4482867737526455 54.232920267408915 84.75717844421051
25.10639396673512 57.14389041256451 2.457251725854431
28.92871861524414 20.297440303610873 2.2882154801270915
22.66202880324297 68.35460064545263 14.268025180698558
55.92028055042601 88.06427598537547 24.028783300021715
32.27634150508543 9.368139352836167 6.513070623468916
5.603467799673515 8.477045441840701 11.787143481886412
30.879326721276566 6.755534171077495 25.06056145544711
15.83856248045679 17.846531185055603 65.70461858918046
10.510965891989201 58.85761283512085 7.865639470996983
13.527624477467581 11.780630305199216 48.79612795371752
31.65439536451103 37.53190940173378 12.8757669993383
35
30.003157729015907 15.30453904603203 38.62358887060477 6.693359829253637 52.16990761276789 3.7370073760811833 9.04151837496361 38.09708006777743 6.053087626236161 3.6161784540303605 17.544514563392102 27.54894355810904 39.916470576883256 9.402211099403809 42.83115825626979 19.513580107262655 41.22446954772926 57.05347110596074 9.14830042583118 56.73718103096176 86.79400554865619 61.669557261459175 7.909668362187194 6.359458778232817 25.66308962319198 1.9919813506975586 1.678124450226326 5.593934761417202 15.72343726433892 30.508989355724623 90.01045722583456 1.3595108669555476 52.139611249456905 3.2247942696645575 4.998224223556377
10
68.15513663013407 5.490632520663411 57.70151238276634
14.995524994118842 8.44731496328807 67.26701036003942
48.611712450277174 6.941959630673025 13.882949302883024
27.802684169881218 58.84572136161559 16.547702732416354
9.209097213635141 38.96352273342104 53.61541218677857
30.660675855255022 22.839700613052074 18.261448156747225
33.8431826395102 44.79928367186533 20.044676447497245
83.03798165903999 0.3870523294460877 42.47855479876499
33.99439446475112 0.7921414764556935 53.972603519763105
12.892334610827138 5.331950056619941 65.76168261853775
56
20.782610326080338 19.923842210200217 39.53910803382279 30.733227335850987 76.64627327807786 1.12836948328459 69.4992347733243 35.463734682427436 3.2881430074218567 35.4389089427808 57.431057663354075 34.12034116126179 14.69101311967161 47.040514254569494 3.1792895962923873 61.48365942173533 78.35381664429438 9.03948621494536 13.417476289451859 45.58355162877046 2.9509086537639657 0.9875294381964201 29.716387975315616 27.49187060265011 22.062067020857192 52.5424097958154 69.27781227798137 0.361469100033041 4.402388360959438 7.269286729774584 29.822499755508655 20.261939797706177 12.02510059451497 36.13910845563438 5.123975892992011 16.551920565050573 89.92826046992347 2.13237937049333 23.236771490277366 52.42476273095047 21.724331833740795 17.47989187310957 56.16547895823088 63.512583963480196 9.27444038789399 58.95536513840764 2.9959753470467416 12.568331864056267 3.032056949817673 39.27175118127717 61.04146637677167 41.72645573784905 1.7444234616995744 18.87526557318637 62.76633754029928 45.53142714193401
17
6.833186842826909 46.1223956932448 23.342580182572586
28.15229179877203 42.09087558738729 13.597653724240633
10.75873802637224 60.46441865837607 10.55942119840832
46.85478621507697 0.1625072082836614 37.43451020612005
58.434062563845984 3.0421556370767373 37.76901122953816
12.612099956546047 2.508881312475363 3.7368106611985747
15.470375888053509 36.031846373835194 11.416737416365226
19.61812466117685 7.035556740231175 37.56334869546425
33.46653162531701 44.336360083768184 17.522883303494602
3.3820263907603865 17.63713670734875 19.838467231706588
15.938336837717191 0.4956285344845236 33.854381490221535
6.611834815640034 16.12320536336659 9.310523615963184
6.332371889886234 13.171916620475137 30.235147125180646
5.177052241523811 30.38004991562299 19.991306022641904
48.27149543788344 53.09898869697795 66.9074044279249
12.283965403322028 43.564924507774855 1.115780982092501
5.936055007761139 45.29021489587609 35.83454079175785

